30 19
33  43  24  272 1795 1523 1630 622 666 53  72  517  609  1204 1494 6827  6848  737  2428
35  44  260 281 1738 1549 1659 620 670 33  73  538  625  1328 1525 6178  7027  775  2010
37  45  265 289 1934 1576 1689 621 676 30  77  554  644  1328 1551 7084  7685  792  2981
40  42  267 291 1835 1602 1720 630 684 29  81  575  665  1435 1539 8162  7602  787  3074
38  47  269 296 2024 1630 1749 636 696 55  78  584  676  1416 1629 8462  7775  835  2893
43  48  268 299 2083 1659 1778 650 705 44  79  601  700  1494 1665 9644  7933  887  3198
44  49  272 302 1341 1689 1807 666 707 41  87  609  725  1525 1708 8350  8094  810  3250
45  53  281 306 987  1720 1837 670 718 43  94  625  745  1551 1799 7829  9280  832  3495
42  56  289 310 1650 1749 1865 676 731 68  93  644  787  1539 1873 8829  8730  855  3528
47  60  291 315 2074 1778 1892 684 745 55  84  665  810  1629 1973 9948  9614  878  3838
48  66  296 324 2122 1807 1919 696 758 55  92  676  832  1665 2087 10638 9290  884  3916
49  72  299 334 1920 1837 1943 705 773 67  100 700  855  1708 2208 11253 10925 913  4142
53  73  302 348 1877 1865 1966 707 787 55  106 725  878  1799 2271 11179 10645 941  4441
56  77  306 367 1815 1892 1987 718 807 57  110 745  884  1873 2365 12820 12161 959  5583
60  81  310 388 1848 1919 2007 731 828 52  108 787  913  1973 2423 12950 10466 939  6230
66  78  315 405 1646 1943 2027 745 844 34  111 810  941  2087 2416 10894 11030 957  6497
72  79  324 418 1653 1966 2051 758 870 29  103 832  959  2208 2484 10455 11424 983  5480
73  87  334 444 1810 1987 2077 773 894 30  109 855  939  2271 2605 11179 10748 1000 5870
77  94  348 493 1462 2007 2099 787 920 28  121 878  957  2365 2744 10590 11390 1002 6354
81  93  367 538 1404 2027 2110 807 938 28  110 884  983  2423 2729 8919  11637 996  6610
78  84  388 569 1522 2051 2138 828 962 41  115 913  1000 2416 2695 11607 12200 993  6290
79  92  405 606 1624 2077 2160 844 990 50  125 941  1002 2484 2826 12537 11577 1007 6725
87  100 418 652 1732 2099 2180 870 102 49  145 959  996  2605 2858 14759 12246 1003 6435
94  106 444 726 1850 2110 2202 894 105 44  132 939  993  2744 3115 10437 13281 1030 6687
93  110 493 824 1920 2138 2226 920 107 52  136 957  1007 2729 3190 13589 10360 1055 6885
84  108 538 909 2074 2160 2251 938 109 79  158 983  1003 2695 3248 13402 13812 1077 6540
92  111 569 965 2122 2180 2277 962 115 68  146 1000 1030 2826 3166 13103 12185 1040 6480
100 103 606 996 2305 2202 2300 990 112 83  148 1002 1055 2858 3279 14190 14057 1280 7000
106 109 652 103 2280 2226 2323 102 116 107 160 996  1077 3115 3501 13560 16243 1090 6580
110 121 726 107 2295 2251 2340 105 109 105 155 993  1040 3190 3618 10820 12400 1150 6985